1 1 2 1 3
2 1 5 4 6
3 1 8 7 9
4 1 11 10 12
5 1 14 13 15
6 1 17 16 18
7 1 20 19 21
8 1 23 22 24
9 1 26 25 27
10 1 29 28 30
11 1 32 31 33
12 1 35 34 36
13 1 38 37 39
14 1 41 40 42
15 1 44 43 45
16 1 47 46 48
17 1 50 49 51
18 1 53 52 54
19 1 56 55 57
20 1 59 58 60
21 1 62 61 63
22 1 65 64 66
23 1 68 67 69
24 1 71 70 72
25 1 74 73 75
26 1 77 76 78
27 1 80 79 81
28 1 83 82 84
29 1 86 85 87
30 1 89 88 90
31 1 92 91 93
32 1 95 94 96
33 1 98 97 99
34 1 101 100 102
35 1 104 103 105
36 1 107 106 108
37 1 110 109 111
38 1 113 112 114
39 1 116 115 117
40 1 119 118 120
41 1 122 121 123
42 1 125 124 126
43 1 128 127 129
44 1 131 130 132
45 1 134 133 135
46 1 137 136 138
47 1 140 139 141
48 1 143 142 144
49 1 146 145 147
50 1 149 148 150
